Instance	--random --first --transpose	--random --best --transpose	--cw --first --transpose	--cw --best --transpose	--random --first --exchange	--random --best --exchange	--cw --first --exchange	--cw --best --exchange	--random --first --insert	--random --best --insert	--cw --first --insert	--cw --best --insert	--vnd0	--vnd1
N-be75eec_150	2110005	2116936	2786711	2786657	3397099	3370646	3396966	3390494	3419060	3422308	3431531	3426444	3420622	3409495
N-be75eec_250	5668583	5665677	7337320	7338353	8707547	8589659	8656487	8607191	8695911	8661395	8753894	8656866	8733894	8734809
N-be75np_150	4809500	4807943	6075834	6077131	7002130	6937823	6950529	6823998	7116303	7044246	7016717	6993124	7039834	7037060
N-be75np_250	11908894	11849453	14807199	14806974	17401607	17120472	17410354	17201161	17437911	17438981	17455033	17420679	17484069	17440889
N-be75oi_150	1494458	1494457	1934185	1935299	2200985	2206582	2206460	2179239	2212119	2212618	2223030	2207033	2218218	2208143
N-be75oi_250	2961478	2974767	5032895	5032673	5761454	5743334	5760396	5714912	5784346	5748063	5811956	5755968	5784077	5781765
N-be75tot_150	7763504	7759919	9915444	9917729	11881492	11788049	11855529	11817331	11936955	11989949	12029108	12081880	11996920	11972248
N-be75tot_250	20410636	20495488	25718967	25719647	30351180	29877673	30044638	29761329	30500814	30318649	30315734	30112336	30312371	30377588
N-stabu1_150	1827538	1836079	2371937	2375701	2800349	2769345	2791692	2780189	2824108	2815434	2829430	2820215	2841290	2844364
N-stabu1_250	4880794	4871705	6540270	6542171	7551833	7529820	7610892	7524450	7623629	7565869	7596054	7544910	7576630	7607025
N-stabu2_150	2726108	2730307	3507155	3505706	4215338	4231238	4197528	4159195	4259868	4224250	4255714	4247598	4242170	4253640
N-stabu2_250	8062091	8105175	9628765	9631344	11173048	11086653	11207951	11077273	11246083	11282792	11262894	11228075	11196141	11308755
N-stabu3_150	2651712	2647243	3677434	3677376	4398699	4350861	4379297	4348236	4459764	4432284	4413988	4427867	4431958	4434448
N-stabu3_250	7552108	7592894	9911132	9911575	11567513	11549906	11532169	11442051	11751489	11614266	11603474	11609572	11581170	11700277
N-t59b11xx_150	2190795	2197385	2585050	2585170	3173245	3127495	3132950	3111280	3187265	3173655	3184855	3167600	3138065	3158065
N-t59b11xx_250	5591620	5591855	6959720	6960005	8156485	8109395	8186740	8020060	8225225	8146530	8239265	8204410	8221740	8284120
N-t59d11xx_150	944878	945637	1171043	1170919	1420614	1408677	1414828	1406762	1433021	1434708	1441646	1428840	1441714	1430961
N-t59d11xx_250	2676664	2685286	3256840	3257523	3749417	3714911	3741020	3703788	3774817	3782677	3762182	3760870	3771161	3761250
N-t59f11xx_150	1017299	1020804	1252527	1252486	1489560	1490221	1500765	1496990	1514993	1518942	1504730	1503917	1525853	1516282
N-t59f11xx_250	2807380	2812452	3325423	3326323	3867492	3858154	3877756	3846266	3926619	3886358	3906930	3870911	3900332	3895377
N-t59n11xx_150	201789	202344	254275	254280	309357	309362	310390	307889	311760	315761	312709	311957	312944	311976
N-t59n11xx_250	551214	551318	680399	680402	804222	790131	798491	796018	807724	803197	806125	806475	805620	805208
N-t65b11xx_150	4321260	4336920	5326421	5325478	6288862	6155506	6209647	6210781	6357867	6298106	6365257	6350136	6326052	6352170
N-t65b11xx_250	10983195	11094873	14519074	14518427	16760124	16567664	16784596	16490415	16780305	16880766	16852056	16845455	16937447	16889083
N-t65d11xx_150	2385962	2398550	2965298	2964403	3451744	3436373	3448673	3431712	3511088	3449880	3469910	3470305	3474470	3460336
N-t65d11xx_250	6291686	6318920	7951098	7946678	9075505	8968092	9040866	9025739	9087435	9105394	9146112	9143509	9136292	9180740
N-t65f11xx_150	2143139	2144084	2591648	2592771	3060658	3053624	3053972	3050161	3077304	3094701	3091448	3085856	3103972	3098902
N-t65f11xx_250	5792510	5797863	7009245	7007792	8149745	8104673	8149389	8115881	8253745	8196647	8260731	8244539	8298599	8234022
N-t65l11xx_150	128191	128369	216735	216735	250051	247080	247323	246968	248920	249865	250147	249784	250490	249587
N-t65l11xx_250	395635	396207	552918	552918	652205	642843	646571	642658	653157	651004	651572	654014	648467	652869
N-t65n11xx_150	342935	346166	444364	444349	535610	531415	531447	521599	540462	539303	539958	537031	537261	538716
N-t65n11xx_250	952838	955134	1186552	1186522	1390315	1373112	1396236	1358556	1395804	1388620	1397345	1391217	1400855	1398520
N-t69r11xx_150	7600701	7609678	9432628	9432361	11426358	11418554	11461909	11433872	11590407	11597668	11584592	11512733	11525073	11490270
N-t69r11xx_250	21060290	21165097	26088649	26091834	30982032	30474224	30867930	30441262	31210160	30985808	30952280	30974904	30839952	31068750
N-t70b11xx_150	6051685	6107362	7886107	7884701	9387680	9287815	9388651	9333671	9434392	9420264	9481727	9486371	9445450	9403049
N-t70b11xx_250	16816083	16847159	21299721	21304756	24607212	24549727	24700764	24406801	25041550	24902582	24909502	24923123	24816613	24766030
N-t70d11xn_150	3608392	3608272	4867683	4866760	5632012	5581792	5617018	5597017	5738585	5651154	5722263	5686328	5717526	5725499
N-t70d11xn_250	10647818	10690780	12899021	12900586	14702964	14630692	14775815	14742017	14899122	14903631	14922758	14907181	14929022	14941713
N-t70d11xx_150	4283429	4258714	5093969	5090895	5968613	5913842	5984951	5954586	6029183	6019988	6040680	6053715	6025574	6082415
N-t70d11xx_250	11072864	11066730	13472808	13469473	15546031	15410487	15612502	15477808	15716652	15576665	15668199	15736486	15735138	15784245
N-t70f11xx_150	3241715	3248829	4197416	4199219	4944910	4932812	4930616	4928579	5037388	5053851	5021685	5012967	5033936	5029249
N-t70f11xx_250	9423977	9434609	11396195	11397298	13162843	13023711	13089573	13023191	13302080	13235429	13261162	13318332	13255959	13356888
N-t70l11xx_150	271234	271234	350517	350524	422865	419713	419576	416905	426305	424035	425493	421948	428154	424978
N-t70l11xx_250	670363	670421	899746	899723	1087354	1074060	1086866	1072740	1082827	1081829	1087359	1090184	1092300	1092070
N-t70n11xx_150	593115	594016	755586	755832	917529	910062	923110	915224	929342	923600	935842	921403	921266	925687
N-t70n11xx_250	1650484	1663338	2011095	2011323	2377866	2348357	2373780	2329521	2376681	2379500	2368384	2384953	2384790	2395503
N-t74d11xx_150	6301767	6315715	7814438	7810579	9119373	9024253	9135770	9023249	9226556	9178343	9206044	9180435	9223198	9213287
N-t74d11xx_250	16783671	16804434	20274503	20273075	23768286	23637725	23686685	23581171	23983218	23934297	23919050	23838915	23952518	23869856
N-t75d11xx_150	6114949	6140219	7931194	7925523	9389095	9232902	9316603	9232263	9344694	9431092	9504936	9422568	9421969	9450183
N-t75d11xx_250	17653655	17673167	21036170	21038902	24450066	24259091	24439236	24288145	24512916	24461041	24535938	24483065	24635388	24626842
N-t75e11xx_150	26841183	26969136	33438338	33480593	40263882	40126202	40227410	39867656	40527132	40530365	40664575	40786659	40496465	40303354
N-t75e11xx_250	73890813	74221068	89060471	89058614	103832819	102647081	104124726	101928444	103898406	103649949	104337379	104077710	104552011	104638234
N-t75k11xx_150	995065	1004913	1232216	1232093	1500214	1483168	1495097	1471961	1513972	1505459	1518005	1509805	1511823	1518465
N-t75k11xx_250	2828312	2834368	3461841	3462392	3975634	3925608	3949293	3931395	3999380	3981840	4036258	4027267	4017927	4004161
N-t75n11xx_150	1081423	1081998	1391317	1391401	1682018	1663955	1674839	1677537	1712107	1703052	1708706	1696529	1709861	1700741
N-t75n11xx_250	2977188	2980519	3799507	3798975	4394870	4378591	4370250	4346980	4424908	4413313	4400504	4389903	4421895	4458843
N-tiw56n54_150	575639	575431	697347	697468	815329	810031	812533	803240	825536	821525	822898	820974	820953	824267
N-tiw56n54_250	1447533	1447913	1769814	1769667	2047572	2028934	2040803	2027235	2055668	2054279	2063239	2053188	2050489	2052197
N-tiw56n58_150	713317	713691	956303	956975	1107920	1105327	1119756	1102351	1133421	1138679	1130296	1128121	1129647	1137841
N-tiw56n58_250	1999304	2003441	2459921	2460020	2844339	2788200	2822473	2781828	2835630	2832070	2856559	2837045	2835798	2860022
N-tiw56n62_150	1057721	1052978	1357563	1358203	1582163	1571950	1579070	1552959	1589455	1589283	1587808	1589149	1592233	1591811
N-tiw56n62_250	2782763	2791042	3484931	3486859	4042712	4004644	4018158	3990976	4072095	4059584	4067847	4037263	4058504	4053124
N-tiw56n66_150	1325388	1340279	1743166	1742539	2029367	2030649	2041843	1992070	2062717	2058584	2060991	2057153	2057072	2071245
N-tiw56n66_250	3659951	3678745	4516128	4521109	5213404	5192693	5182390	5157106	5283428	5248847	5253562	5254980	5257866	5219360
N-tiw56n67_150	1597567	1604879	2022924	2022327	2311390	2288613	2286188	2289935	2330322	2322902	2308001	2305812	2335992	2338497
N-tiw56n67_250	4243100	4242752	5286358	5288322	6158030	6130215	6169599	6120778	6215871	6131092	6218639	6228029	6233647	6225103
N-tiw56n72_150	2511906	2503278	3500512	3502301	4016039	3982943	4008340	3936176	4023623	4057011	4068537	4024242	4063343	4058852
N-tiw56n72_250	7458982	7461125	9432888	9432362	10899326	10805211	10890477	10800179	10936447	10883000	10996097	10996057	10987412	11014874
N-tiw56r54_150	624466	632879	802129	802699	930682	916284	927425	914344	937027	938112	943504	939999	930689	945857
N-tiw56r54_250	1645440	1646792	2000534	2000009	2327153	2305115	2309958	2301150	2331852	2348064	2336229	2322494	2342365	2347515
N-tiw56r58_150	806469	803090	1008879	1008396	1181271	1171784	1191130	1174171	1195992	1185238	1193581	1191670	1198582	1196119
N-tiw56r58_250	2181605	2184686	2581855	2582642	2973581	2956496	2966777	2965452	2999686	2981062	2999376	2980782	2994446	2997969
N-tiw56r66_150	1250215	1251464	1613234	1612635	1866879	1870800	1880077	1849858	1895325	1886229	1889917	1892893	1905311	1899565
N-tiw56r66_250	3360563	3371919	4134423	4135197	4802217	4753431	4791704	4776037	4841250	4826698	4845527	4829854	4841814	4851997
N-tiw56r67_150	1302211	1311015	1724489	1726434	1988965	1994607	1999757	1975258	2032630	2021961	2020973	2015860	2017057	2009699
N-tiw56r67_250	3469771	3469693	4425681	4424654	5163072	5111533	5151351	5072893	5156405	5194255	5202712	5202894	5181358	5194932
N-tiw56r72_150	1829418	1804294	2360333	2361394	2732312	2710114	2739065	2684657	2746807	2725285	2739782	2755797	2765161	2740384
N-tiw56r72_250	5184394	5195365	6274987	6276604	7249588	7176154	7266706	7163734	7331613	7247989	7305792	7306502	7297534	7308724


Instance	--random --first --transpose	--random --best --transpose	--cw --first --transpose	--cw --best --transpose	--random --first --exchange	--random --best --exchange	--cw --first --exchange	--cw --best --exchange	--random --first --insert	--random --best --insert	--cw --first --insert	--cw --best --insert	--vnd0	--vnd1											
N-be75eec_150	0.00032	0.000602	0.002039	0.002169	0.420372	0.077184	0.474988	0.125239	0.470459	0.127136	0.330925	0.116237	0.280743	0.22347											
N-be75eec_250	0.001532	0.003004	0.008797	0.009577	7.1855	1.06438	6.22784	0.870838	5.72342	1.11445	4.22582	1.07718	3.46975	2.42911											
N-be75np_150	0.000428	0.000842	0.001947	0.002339	0.448747	0.099702	0.390308	0.090089	0.453066	0.113828	0.331189	0.106157	0.279352	0.212033											
N-be75np_250	0.001858	0.003214	0.008895	0.009988	7.47276	1.0629	6.28055	0.911345	6.4939	1.06893	3.56468	1.03516	2.71554	2.1872											
N-be75oi_150	0.000254	0.000543	0.002199	0.002202	0.468452	0.111738	0.360336	0.091201	0.396437	0.108695	0.291069	0.114748	0.297568	0.194544											
N-be75oi_250	0.001272	0.002336	0.0082	0.008922	8.21684	1.06042	5.73333	0.9728	5.60793	1.01689	3.73485	1.06794	4.25678	2.3778											
N-be75tot_150	0.000569	0.000965	0.002104	0.002265	0.463393	0.082358	0.346902	0.080515	0.413473	0.132185	0.348587	0.124193	0.235413	0.197403											
N-be75tot_250	0.001803	0.003484	0.009011	0.01022	7.10984	1.05946	5.70234	1.01917	6.54109	1.21583	4.93176	1.10098	2.69439	2.58589											
N-stabu1_150	0.000494	0.001027	0.002061	0.00238	0.482955	0.085437	0.423384	0.088432	0.558523	0.116193	0.471041	0.114626	0.272323	0.248522											
N-stabu1_250	0.001771	0.003935	0.009058	0.0111	7.38919	1.11125	6.184	1.0077	6.89904	1.10648	4.50649	0.998862	2.32068	2.34011											
N-stabu2_150	0.000505	0.00082	0.002305	0.002297	0.55004	0.118114	0.414305	0.091621	0.544263	0.105071	0.383373	0.109423	0.263325	0.206086											
N-stabu2_250	0.001721	0.003786	0.009388	0.010819	6.54531	1.00904	5.35214	0.989373	6.01394	1.09023	4.03394	1.03418	2.70742	2.58426											
N-stabu3_150	0.000522	0.000868	0.001969	0.00281	0.488088	0.084874	0.364629	0.088856	0.559319	0.136449	0.303156	0.104301	0.233047	0.227737											
N-stabu3_250	0.001665	0.003911	0.009317	0.010248	7.81666	1.16281	5.26421	1.02586	7.06456	1.2316	4.98543	1.37662	3.23231	2.35569											
N-t59b11xx_150	0.0002	0.000523	0.001781	0.002049	0.334221	0.074987	0.256629	0.076134	0.386718	0.122136	0.241904	0.116045	0.233618	0.18506											
N-t59b11xx_250	0.000974	0.001545	0.008176	0.008907	4.06907	1.00661	4.35092	0.903445	4.57311	1.16613	3.12921	0.90498	2.91167	2.42881											
N-t59d11xx_150	0.000323	0.000633	0.001871	0.002073	0.364321	0.085848	0.331418	0.086141	0.421631	0.124181	0.300507	0.107362	0.222553	0.20183											
N-t59d11xx_250	0.001041	0.002218	0.008357	0.009211	4.84902	0.928749	4.11335	0.91694	5.11874	1.12335	3.20941	0.995438	2.36998	2.32794											
N-t59f11xx_150	0.000264	0.000597	0.001969	0.002051	0.365034	0.08563	0.269177	0.081795	0.406907	0.128863	0.263282	0.102642	0.266951	0.213768											
N-t59f11xx_250	0.001505	0.003023	0.008667	0.009922	5.06409	1.00018	4.03095	0.846431	4.79177	1.15538	3.39387	1.02031	3.34676	2.33826											
N-t59n11xx_150	0.000317	0.000626	0.002066	0.002148	0.495866	0.111214	0.298595	0.08201	0.401944	0.146195	0.281165	0.114124	0.232894	0.201363											
N-t59n11xx_250	0.001172	0.002323	0.008391	0.009545	5.53287	0.868626	4.28869	1.0314	4.13331	1.07857	3.30552	1.07462	2.9994	2.45261											
N-t65b11xx_150	0.000294	0.000808	0.002053	0.002423	0.523937	0.09978	0.404908	0.07525	0.561164	0.126293	0.376886	0.111012	0.298091	0.223727											
N-t65b11xx_250	0.001335	0.002903	0.008532	0.009904	6.36586	0.988534	6.33889	0.9136	6.84496	1.08899	4.05693	0.995264	2.97423	2.54501											
N-t65d11xx_150	0.000486	0.000944	0.002052	0.002277	0.445037	0.108411	0.395234	0.089428	0.497062	0.128412	0.383879	0.099024	0.190019	0.208937											
N-t65d11xx_250	0.001414	0.002937	0.008693	0.010048	6.17612	0.998117	4.95577	1.04604	6.10013	1.36868	3.94774	1.18272	2.75666	2.39508											
N-t65f11xx_150	0.000432	0.000706	0.002796	0.003008	0.469849	0.092916	0.367254	0.082458	0.490151	0.11592	0.298654	0.089654	0.225958	0.181895											
N-t65f11xx_250	0.002358	0.004547	0.008839	0.009974	6.53963	1.00564	5.27381	0.92481	6.11695	1.10372	4.25485	1.00297	3.81309	2.59318											
N-t65l11xx_150	0.000154	0.000262	0.001979	0.002238	0.420942	0.083135	0.306527	0.083503	0.294638	0.122229	0.188873	0.099056	0.295723	0.189908											
N-t65l11xx_250	0.000426	0.000922	0.008494	0.008779	6.14838	0.893847	3.40169	0.843552	3.60281	1.11288	2.1582	1.17854	3.12995	1.84758											
N-t65n11xx_150	0.000391	0.000897	0.00203	0.002238	0.566171	0.091716	0.315503	0.094915	0.584921	0.143875	0.309348	0.109119	0.234974	0.171497											
N-t65n11xx_250	0.001471	0.002581	0.008677	0.009645	6.32775	1.07869	5.84091	0.955423	5.99968	1.14753	3.82848	1.09227	3.43044	2.26382											
N-t69r11xx_150	0.000363	0.000678	0.0019	0.002247	0.423553	0.094334	0.452636	0.11564	0.438401	0.113643	0.350179	0.11148	0.282244	0.212246											
N-t69r11xx_250	0.001435	0.002761	0.008853	0.010101	7.44448	1.00584	6.11351	0.985794	5.95779	1.16135	4.28477	0.943385	3.09675	2.90806											
N-t70b11xx_150	0.000369	0.000828	0.001949	0.002398	0.40478	0.084488	0.369684	0.118821	0.45837	0.13281	0.329741	0.13034	0.237531	0.203388											
N-t70b11xx_250	0.001617	0.003288	0.009021	0.010098	6.33235	1.26822	5.83939	1.10164	6.20184	1.17931	4.01633	1.06647	3.50584	2.50579											
N-t70d11xn_150	0.000548	0.000973	0.002025	0.002449	0.495158	0.107275	0.425212	0.099645	0.612507	0.125881	0.386232	0.102863	0.243056	0.212467											
N-t70d11xn_250	0.002547	0.004869	0.008868	0.010102	6.82813	1.12354	4.85523	1.12951	6.68389	1.24007	4.30192	1.02853	3.32311	2.72104											
N-t70d11xx_150	0.000532	0.001172	0.002209	0.002494	0.512802	0.101703	0.397866	0.078666	0.644938	0.138275	0.441316	0.121333	0.191131	0.246258											
N-t70d11xx_250	0.002449	0.003878	0.008935	0.010547	7.62547	1.32353	6.47731	1.0202	6.34221	1.05131	4.34714	1.08298	3.27202	2.33256											
N-t70f11xx_150	0.000473	0.000929	0.002106	0.00225	0.412399	0.083433	0.244166	0.084562	0.448996	0.13241	0.330153	0.113238	0.320118	0.20081											
N-t70f11xx_250	0.001874	0.003081	0.008554	0.009716	5.6278	0.826569	4.76231	0.95361	5.8952	1.14513	3.6294	0.92855	2.76582	2.17375											
N-t70l11xx_150	0.000233	0.000397	0.001909	0.001885	0.368317	0.072726	0.338408	0.091814	0.293279	0.116231	0.187758	0.100467	0.327243	0.163894											
N-t70l11xx_250	0.000687	0.001234	0.00792	0.008149	5.70629	0.94773	4.6246	0.73591	3.78069	1.10964	2.53531	0.949366	3.76326	2.11087											
N-t70n11xx_150	0.000512	0.000761	0.00195	0.002247	0.548409	0.090655	0.472134	0.095974	0.572941	0.12366	0.328531	0.097528	0.235428	0.182166											
N-t70n11xx_250	0.001926	0.00363	0.008514	0.009889	6.57005	1.0732	5.6269	0.800631	5.43228	1.11299	3.7372	0.960003	3.51849	2.53718											
N-t74d11xx_150	0.000565	0.001116	0.00211	0.002598	0.515784	0.096299	0.427295	0.073866	0.455689	0.132415	0.280965	0.089306	0.288407	0.162581											
N-t74d11xx_250	0.002036	0.003542	0.008604	0.009668	7.1012	0.938515	5.80975	1.11482	5.77765	1.1125	3.89099	0.950422	2.77676	2.0792											
N-t75d11xx_150	0.000529	0.001061	0.001995	0.002358	0.518417	0.100525	0.37689	0.103444	0.530555	0.125949	0.436836	0.107098	0.196023	0.213752											
N-t75d11xx_250	0.002076	0.004051	0.009188	0.010495	7.54384	1.01709	6.00441	1.02363	5.83425	1.21364	4.59824	1.06372	3.54977	2.6606											
N-t75e11xx_150	0.000519	0.000933	0.002046	0.002575	0.560552	0.108376	0.493569	0.102285	0.531529	0.112993	0.42934	0.101111	0.235586	0.189931											
N-t75e11xx_250	0.001508	0.003408	0.008953	0.010782	7.52958	0.949766	8.19499	1.01857	6.48919	1.16731	4.96205	1.06579	2.86837	2.565											
N-t75k11xx_150	0.000407	0.00093	0.002138	0.002382	0.47145	0.091057	0.424117	0.073917	0.476599	0.114032	0.293455	0.134678	0.240413	0.225385											
N-t75k11xx_250	0.001457	0.002916	0.008641	0.010342	6.24474	1.18029	5.34317	1.08688	5.90744	1.23265	3.85038	1.02091	3.68601	2.28623											
N-t75n11xx_150	0.000364	0.000704	0.001837	0.002183	0.444754	0.095616	0.404735	0.087521	0.557616	0.109842	0.360928	0.127631	0.249773	0.256592											
N-t75n11xx_250	0.001662	0.002699	0.008486	0.009818	6.01795	0.958174	5.01648	0.810972	5.00201	1.20816	3.58704	0.88075	3.3058	2.75879											
N-tiw56n54_150	0.000509	0.00091	0.002121	0.002376	0.440049	0.098257	0.304013	0.074957	0.497227	0.149663	0.304755	0.111237	0.1741	0.17626											
N-tiw56n54_250	0.002315	0.004164	0.010164	0.010993	7.10521	1.13802	5.47922	0.767142	5.72119	1.21117	4.08093	0.941736	2.52345	2.26793											
N-tiw56n58_150	0.000549	0.001066	0.002155	0.002668	0.347561	0.087618	0.290266	0.083331	0.503371	0.134353	0.298247	0.119134	0.205832	0.173389											
N-tiw56n58_250	0.001626	0.002869	0.008528	0.009573	6.82342	0.805764	5.79316	0.979454	5.9802	1.09081	3.87403	1.09983	2.69285	2.53874											
N-tiw56n62_150	0.000546	0.000901	0.00209	0.002548	0.560721	0.121995	0.325467	0.098239	0.618557	0.133028	0.257762	0.106014	0.238574	0.166702											
N-tiw56n62_250	0.001937	0.003888	0.009016	0.010777	6.55847	1.16095	5.47048	0.981762	6.46729	1.23716	3.63062	0.936012	3.15525	2.34399											
N-tiw56n66_150	0.000438	0.000919	0.002007	0.002189	0.479174	0.089602	0.294719	0.068571	0.443693	0.10837	0.278031	0.102195	0.189082	0.195462											
N-tiw56n66_250	0.002251	0.00415	0.008953	0.010421	7.07578	0.988339	5.44409	1.04512	6.66903	1.28275	4.28519	1.12573	2.92056	2.37316											
N-tiw56n67_150	0.000373	0.000831	0.002093	0.002471	0.45991	0.097774	0.312206	0.084613	0.460783	0.125728	0.3015	0.123412	0.216218	0.192404											
N-tiw56n67_250	0.001875	0.003475	0.009101	0.010983	8.27789	1.15872	5.71381	1.05726	6.56453	1.04084	4.45013	1.06176	3.24408	2.29097											
N-tiw56n72_150	0.000445	0.000812	0.001973	0.00242	0.486518	0.088843	0.453974	0.082174	0.49967	0.145957	0.36591	0.103263	0.210955	0.200705											
N-tiw56n72_250	0.002183	0.003717	0.008997	0.010456	7.44626	0.923238	6.26653	1.03121	5.3417	1.09328	4.50729	0.996362	2.92279	2.50449											
N-tiw56r54_150	0.000434	0.000956	0.002012	0.00222	0.450936	0.082257	0.301342	0.080767	0.490384	0.135978	0.291917	0.111038	0.208383	0.179504											
N-tiw56r54_250	0.00151	0.003407	0.009251	0.012966	6.93497	1.0787	5.25293	0.940926	6.46063	1.15697	4.18535	1.05958	3.1464	2.37463											
N-tiw56r58_150	0.000466	0.000842	0.002226	0.002583	0.506241	0.089581	0.399618	0.078534	0.489027	0.112186	0.308904	0.11098	0.206597	0.176761											
N-tiw56r58_250	0.001728	0.003361	0.009305	0.010401	6.35712	1.01163	5.48295	1.00255	6.62487	1.29471	4.95102	1.00231	2.79788	2.03659											
N-tiw56r66_150	0.000599	0.001018	0.002145	0.002459	0.496057	0.099052	0.341438	0.094564	0.574109	0.126967	0.330447	0.132131	0.24047	0.212416											
N-tiw56r66_250	0.002248	0.003947	0.008977	0.010157	7.26714	1.10077	5.26514	0.960379	6.44418	1.36303	3.96671	1.12948	2.69488	2.45624											
N-tiw56r67_150	0.000603	0.000961	0.0024	0.002567	0.5042	0.102764	0.387352	0.092461	0.582991	0.13434	0.378737	0.099955	0.217695	0.198689											
N-tiw56r67_250	0.002272	0.003724	0.008936	0.010809	7.60299	1.08605	5.90975	0.993013	6.0052	1.2363	4.78075	1.30338	3.15556	2.69119											
N-tiw56r72_150	0.000492	0.000951	0.002102	0.002709	0.450561	0.082431	0.435675	0.072101	0.496731	0.126623	0.334136	0.104757	0.260768	0.170006											
N-tiw56r72_250	0.00172	0.003506	0.008998	0.010396	7.09144	1.15573	6.05306	0.965562	6.34679	1.03688	4.47129	1.23999	2.97463	2.52752											
Total time	0.083078	0.158546	0.424974	0.486691	280.087188	44.179333	228.531439	41.129326	248.674029	50.076595	168.900878	45.273992	130.267559	101.896418											
																									
Instance	--random --first --transpose	--random --best --transpose	--cw --first --transpose	--cw --best --transpose	--random --first --exchange	--random --best --exchange	--cw --first --exchange	--cw --best --exchange	--random --first --insert	--random --best --insert	--cw --first --insert	--cw --best --insert	--vnd0	--vnd1	
N-be75eec_150	39.41690488	39.21789994	19.98711966	19.98867013	2.461476708	3.221003162	2.465295444	2.651121445	1.830925903	1.737668355	1.472854818	1.618914285	1.786077291	2.105559046	
N-be75eec_250	36.2617421	36.29441753	17.49825407	17.48663889	2.0912499	3.416797352	2.665374942	3.219665346	2.222086543	2.610188774	1.570118422	2.661113418	1.795000929	1.784712555	
N-be75np_150	32.96233444	32.98403683	15.31141954	15.29334119	2.400156112	3.296505246	3.119401477	4.883065654	0.8087450736	1.813118307	2.196833848	2.525687086	1.874615382	1.91328104	
N-be75np_250	33.14895101	33.48262542	16.87920089	16.88046394	2.315388643	3.893551121	2.266287012	3.440600218	2.111594699	2.105588211	2.015479672	2.208327215	1.852484934	2.094877578	
N-be75oi_150	33.47716972	33.47721423	13.90359549	13.854008	2.027523287	1.778383946	1.783814534	2.995503295	1.531915386	1.509703392	1.046233887	1.758308577	1.260430512	1.708899131	
N-be75oi_250	49.89120312	49.6663506	14.84241542	14.8461717	2.515052209	2.821646214	2.532953779	3.302552107	2.127715015	2.741630593	1.660548323	2.60787642	2.132266549	2.171386049	
N-be75tot_150	36.81893619	36.84811169	19.30598606	19.28739023	3.305864959	4.066324173	3.517157432	3.828020964	2.854495147	2.423218587	2.104534231	1.675064355	2.366487092	2.567273129	
N-be75tot_250	34.07121102	33.79712893	16.92466868	16.9224722	1.962068128	3.491552221	2.952235354	3.867357219	1.478732459	2.067147138	2.076562936	2.733562739	2.087425827	1.876767138	
N-stabu1_150	36.44964134	36.1526387	17.5188439	17.38795548	2.621349973	3.699475473	2.92238637	3.322388874	1.795160328	2.096787879	1.610094404	1.930534556	1.19767767	1.090783147	
N-stabu1_250	36.96055147	37.07794335	15.52706096	15.50250799	2.461897044	2.746212953	1.699101731	2.815570897	1.534592953	2.280610619	1.890746643	2.551313255	2.141623498	1.7490472	
N-stabu2_150	37.0055676	36.90853783	18.95726854	18.99075179	2.592698204	2.225283753	3.004248605	3.890040942	1.563706662	2.386761249	1.659696576	1.847239701	1.972668986	1.707622209	
N-stabu2_250	29.89759182	29.52296293	16.27487034	16.25244512	2.846845619	3.598077223	2.543353094	3.679639263	2.211783402	1.892587141	2.065606488	2.368368606	2.646044745	1.666830718	
N-stabu3_150	41.20952589	41.30860702	18.46848814	18.46977405	2.477493906	3.538098791	2.907651019	3.596297039	1.12363636	1.732888883	2.138525134	1.830817137	1.740116552	1.684911356	
N-stabu3_250	36.53858742	36.195857	16.71538106	16.71165847	2.796581435	2.944535502	3.093581977	3.850856049	1.250605551	2.403709482	2.494396157	2.443153816	2.681819767	1.680947101	
N-t59b11xx_150	32.3734778	32.17005448	20.20342331	20.1997191	2.046734886	3.458968067	3.290580482	3.959500548	1.613958729	2.034078807	1.688351777	2.220987483	3.132688182	2.515318486	
N-t59b11xx_250	33.52734397	33.52455031	17.26349902	17.26011096	3.036468531	3.59627005	2.676799918	4.658276182	2.219293835	3.154812641	2.052387627	2.466740609	2.260723189	1.519155578	
N-t59d11xx_150	35.40165872	35.34976827	19.93946798	19.94794547	2.87708254	3.693177739	3.272653188	3.824100275	2.028854917	1.913520025	1.439190755	2.314696755	1.434541809	2.169690647	
N-t59d11xx_250	30.31638562	30.09192258	15.21222587	15.19444481	2.388597007	3.286917752	2.607202447	3.576491207	1.727339634	1.522714321	2.056276127	2.090432413	1.822519042	2.080539586	
N-t59f11xx_150	34.10136338	33.87431635	18.86375429	18.86641019	3.50922083	3.466402545	2.783382878	3.027919984	1.861720906	1.605912421	2.526537944	2.579202492	1.158231378	1.778222011	
N-t59f11xx_250	29.69256745	29.56554536	16.71880784	16.69626843	3.143346141	3.377205043	2.88629669	3.674925607	1.662582025	2.670870016	2.155669188	3.057721426	2.320908108	2.445000083	
N-t59n11xx_150	36.73532731	36.5613243	20.27997241	20.27840482	3.010722348	3.009154753	2.686857286	3.470968146	2.257336343	1.002947078	1.959806872	2.195573113	1.886129922	2.189616253	
N-t59n11xx_250	33.23538532	33.22278854	17.58812899	17.58776562	2.590333427	4.29707561	3.284488522	3.584025349	2.166161181	2.714484356	2.359836629	2.317443629	2.421003672	2.47090629	
N-t65b11xx_150	33.04354186	32.80089547	17.46891306	17.48352453	2.556216179	4.622522171	3.783625738	3.766054793	1.487007107	2.412983534	1.372501563	1.60679633	1.979969742	1.57528019	
N-t65b11xx_250	36.41775186	35.77124251	15.94837697	15.95212249	2.974829912	4.088990179	2.833160318	4.536188384	2.858001125	2.276427527	2.442631109	2.480844618	1.948298471	2.228280011	
N-t65d11xx_150	32.96629972	32.61263934	16.68983103	16.71497609	3.0231107	3.454959575	3.109390571	3.585910562	1.355838585	3.075479856	2.512736184	2.501638643	2.384622797	2.781718107	
N-t65d11xx_250	32.72144432	32.43022442	14.97694108	15.02420524	2.953378724	4.101972519	3.323782125	3.48553888	2.825808281	2.633768249	2.198360597	2.22619512	2.303368287	1.828074822	
N-t65f11xx_150	32.1646769	32.13476545	17.96832616	17.9327806	3.123071187	3.345713611	3.334698603	3.455325598	2.596186655	2.04553123	2.14849623	2.325496008	1.752082564	1.912559831	
N-t65f11xx_250	31.11999702	31.05634333	16.65153509	16.66881303	3.089600214	3.625561221	3.093833488	3.492284442	1.852913473	2.531878276	1.76984142	1.962384032	1.319544752	2.087443979	
N-t65l11xx_150	49.41080364	49.34055786	14.46786847	14.46786847	1.320068194	2.492541319	2.396643988	2.536740911	1.766405152	1.393471089	1.282182828	1.425436866	1.146821576	1.503180792	
N-t65l11xx_250	40.61799254	40.53213939	17.01092977	17.01092977	2.108655258	3.513825058	2.954278699	3.541592246	1.96576681	2.28891684	2.203664068	1.837137188	2.669702546	2.008993567	
N-t65n11xx_150	37.73116919	37.14449652	19.31407778	19.31680143	2.745976726	3.507688844	3.501878406	5.290040728	1.86496905	2.075415855	1.95648345	2.487956959	2.446194435	2.182001079	
N-t65n11xx_250	33.33823062	33.17759952	16.98729923	16.98939807	2.731778234	3.935322193	2.317537475	4.953678634	2.347760749	2.850362609	2.239950411	2.668673156	1.994386307	2.157745903	
N-t69r11xx_150	35.89129077	35.81557356	20.43975868	20.44201071	3.623486489	3.689309939	3.323628788	3.560109066	2.23980232	2.178558846	2.288849394	2.894949771	2.790867072	3.084415708	
N-t69r11xx_250	33.80582625	33.47640947	18.00129225	17.99128154	2.620998596	4.217079704	2.979630296	4.320681902	1.903974069	2.609130326	2.714511509	2.643402469	3.067567385	2.348436995	
N-t70b11xx_150	37.27022547	36.69309602	18.2552109	18.26978503	2.690399492	3.725567207	2.680334426	3.250239006	2.206198277	2.352644474	1.71553925	1.667401074	2.091574689	2.531089497	
N-t70b11xx_250	33.80288465	33.68055286	16.15288246	16.133062	3.132825218	3.359116988	2.764554407	3.921750326	1.423038065	1.970090593	1.942849765	1.889230208	2.308510653	2.507632451	
N-t70d11xn_150	38.05491947	38.05697951	16.43673542	16.45258051	3.315538646	4.177662813	3.572939876	3.916296018	1.486005418	2.986928914	1.766204355	2.383098658	1.847524191	1.710652109	
N-t70d11xn_250	29.98110154	29.69858808	15.17743433	15.16714306	3.314900451	3.790153299	2.835840162	3.058092151	2.024986679	1.995335983	1.869558902	1.971991567	1.828367516	1.744912874	
N-t70d11xx_150	30.62349352	31.02378973	17.49559213	17.54538013	3.329431059	4.216528905	3.064812838	3.556619197	2.34840978	2.497336488	2.162198757	1.951077536	2.406862905	1.48623833	
N-t70d11xx_250	30.96965233	31.00789286	16.00794336	16.02873438	3.083075456	3.928082623	2.668682555	3.50839066	2.019391575	2.892097253	2.321456826	1.895742634	1.904146323	1.598003912	
N-t70f11xx_150	37.05526323	36.91712991	18.49831178	18.46330273	3.984138551	4.219046748	4.261686722	4.301239375	2.188483052	1.86881917	2.49338993	2.662668295	2.255510916	2.34651891	
N-t70f11xx_250	30.63533521	30.55707896	16.11893302	16.11081444	3.115617503	4.139690942	3.654917311	4.143518374	2.090771216	2.581352239	2.391945907	1.971149264	2.430242302	1.687359945	
N-t70l11xx_150	37.91311673	37.91311673	19.76482276	19.76322042	3.203986614	3.925495923	3.956855941	4.568261831	2.416552596	2.936167485	2.602423649	3.413892717	1.993306811	2.720309846	
N-t70l11xx_250	39.77664743	39.77143689	19.16958337	19.17164962	2.315456982	3.509749103	2.359297403	3.628333848	2.722148756	2.81180601	2.315007798	2.061218476	1.871123537	1.89178603	
N-t70n11xx_150	37.4953236	37.40037285	20.37352212	20.34759772	3.307363267	4.094263647	2.719216619	3.550272786	2.062465158	2.667578587	1.377470853	2.899106662	2.913544234	2.447642724	
N-t70n11xx_250	32.47869612	31.95283895	17.72609935	17.71677187	2.721496979	3.92871023	2.888655247	4.69929103	2.769975331	2.654650035	3.109405619	2.431567794	2.438236124	1.999967272	
N-t74d11xx_150	32.93169977	32.78325431	16.8326798	16.87375027	2.944547727	3.956888665	2.770038114	3.967574013	1.803822971	2.316943173	2.02212761	2.294678484	1.839561415	1.945041977	
N-t74d11xx_250	31.29963467	31.21464578	17.01066096	17.01650618	2.709607966	3.244031477	3.043624195	3.475523173	1.829829822	2.030077465	2.092487797	2.42050327	1.955493701	2.293852908	
N-t75d11xx_150	36.58099758	36.31891883	17.74446337	17.80327811	2.624365545	4.244265277	3.376190348	4.250892437	3.084854607	2.188808708	1.422962123	2.27721232	2.283424634	1.990813243	
N-t75d11xx_250	29.43353174	29.35553696	15.91269781	15.90177726	2.266425482	3.029804583	2.309715942	2.91366783	2.01519691	2.222555417	1.923171705	2.134519489	1.525642962	1.559803652	
N-t75e11xx_150	35.43166133	35.12386146	19.56174464	19.46009729	3.142422264	3.473621111	3.230158205	4.095571555	2.50915602	2.501378812	2.178527292	1.884845711	2.582927628	3.047469614	
N-t75e11xx_250	30.86167136	30.55265759	16.6676903	16.66942787	2.845465194	3.954939298	2.57233297	4.627355246	2.784096597	3.016573423	2.373357314	2.616325011	2.172529942	2.091852604	
N-t75k11xx_150	35.45228452	34.81346604	20.0688118	20.07679055	2.684360883	3.790098054	3.016289612	4.517071918	1.791909164	2.344129071	1.530297173	2.062213446	1.931310149	1.500457967	
N-t75k11xx_250	30.91313334	30.76520409	15.43799002	15.4245308	2.887624824	4.109604433	3.531053539	3.96824602	2.30758389	2.736031544	1.406769033	1.626391203	1.854538357	2.190798928	
N-t75n11xx_150	37.95957074	37.92658342	20.18118357	20.17636456	3.503884472	4.540145282	3.915738337	3.760956093	1.77770103	2.297179613	1.972813859	2.671399248	1.906552372	2.429759956	
N-t75n11xx_250	34.20494672	34.13133251	16.0319182	16.04367526	2.874556182	3.2343177	3.418651554	3.932912289	2.210724469	2.466970847	2.750046299	2.984325545	2.277310958	1.460770105	
N-tiw56n54_150	31.30348651	31.32830914	16.77890554	16.76446545	2.698983824	3.331244891	3.032657275	4.141679943	1.480884784	1.959555818	1.795702582	2.025311924	2.027818055	1.632326704	
N-tiw56n54_250	31.02801414	31.00990792	15.67198386	15.67898811	2.437383441	3.325446009	2.759912442	3.406399883	2.051625605	2.117808613	1.690882945	2.169792531	2.298394359	2.217011654	
N-tiw56n58_150	38.26190592	38.22953595	17.23129466	17.17313258	4.10873539	4.333161386	3.084321165	4.590736304	1.901605689	1.446522046	2.172076663	2.360324461	2.228248075	1.519051543	
N-tiw56n58_250	31.21637675	31.0740483	15.36940891	15.36600294	2.14397502	4.075369058	2.896248164	4.294589971	2.443597576	2.566075048	1.723560778	2.394916222	2.43781774	1.604420473	
N-tiw56n62_150	34.98633308	35.27786537	16.55630482	16.51696671	2.751086254	3.378836465	2.941199972	4.546133463	2.302877644	2.313449762	2.404111816	2.321686179	2.132125653	2.158064221	
N-tiw56n62_250	32.82804035	32.628197	15.87869879	15.83215959	2.414655017	3.33356265	3.00735382	3.663488822	1.705390991	2.007388821	1.807931697	2.546186164	2.033458492	2.163324076	
N-tiw56n66_150	37.11444051	36.40790864	17.29216713	17.32191634	3.712815267	3.651988334	3.120867671	5.48244251	2.130460961	2.326559022	2.21235432	2.394455544	2.398298744	1.725833749	
N-tiw56n66_250	31.84961504	31.49965999	15.90710866	15.81435959	2.923429969	3.309080658	3.500928422	3.971730991	1.619542962	2.263460998	2.175664997	2.149261024	2.09552205	2.812525836	
N-tiw56n67_150	32.67522881	32.36708604	14.74980678	14.77496559	2.593254067	3.553123865	3.655318371	3.497412056	1.795420506	2.108114623	2.736073523	2.828322501	1.556475002	1.450909131	
N-tiw56n67_250	32.9139089	32.919411	16.41934096	16.38828888	2.637656055	3.077428774	2.454742857	3.226633705	1.72315331	3.06356285	1.679389482	1.530927651	1.442103522	1.577189559	
N-tiw56n72_150	39.26589742	39.47450946	15.3628938	15.31963847	2.898227644	3.698439061	3.084377864	4.82919466	2.71485795	1.907586413	1.628905099	2.699891463	1.754488193	1.863073807	
N-tiw56n72_250	33.10153649	33.08231625	15.39787686	15.40259447	2.24561975	3.089722725	2.324985071	3.134853959	1.912687204	2.392045136	1.37769552	1.378054273	1.45558995	1.209287492	
N-tiw56r54_150	34.82871909	33.95071134	16.2872368	16.22774976	2.87103211	4.373653714	3.21094311	4.576118356	2.208847496	2.095613405	1.532886937	1.898680014	2.870301568	1.287320287	
N-tiw56r54_250	31.07668799	31.02005614	16.20270015	16.22469107	2.521457902	3.444573877	3.241712879	3.610657679	2.324628699	1.645549101	2.14128726	2.716611606	1.884265769	1.66854532	
N-tiw56r58_150	33.85776207	34.13488942	17.2571855	17.29679856	3.118523409	3.896595984	2.309941401	3.700827117	1.911186382	2.793171464	2.108923599	2.265653513	1.698768551	1.900770527	
N-tiw56r58_250	28.71324367	28.61256802	15.63455884	15.6088426	2.834406695	3.392681099	3.056736168	3.100032251	1.98139216	2.589955374	1.99152181	2.599104735	2.152615917	2.037497349	
N-tiw56r66_150	35.58099812	35.51664172	16.87595807	16.90682234	3.806559818	3.604525043	3.126515196	4.683589634	2.34084158	2.809525159	2.619496021	2.466153636	1.826299559	2.122369902	
N-tiw56r66_250	32.08807913	31.85859146	16.44953312	16.43389175	2.954421356	3.940312997	3.166873265	3.483479757	2.165623167	2.459697188	2.079191434	2.395919177	2.154225576	1.948442471	
N-tiw56r67_150	36.67357698	36.24543912	16.13822959	16.04364438	3.276781594	3.002411558	2.751967445	3.943351973	1.153355927	1.672188595	1.72023496	1.968879766	1.910669746	2.268488733	
N-tiw56r67_250	34.40462502	34.4060996	16.33332439	16.35273963	2.39308477	3.367419973	2.614668094	4.097901982	2.519123164	1.803575959	1.643697948	1.640257272	2.047391344	1.7907774	
N-tiw56r72_150	35.21335752	36.10309382	16.41164009	16.37406605	3.23845032	4.024565845	2.999300932	4.926094942	2.725127295	3.48730309	2.973909237	2.406757236	2.075142417	2.95259013	
N-tiw56r72_250	30.42556484	30.2783343	15.78983461	15.76813451	2.710714065	3.696196471	2.480990942	3.862872554	1.609940658	2.732172604	1.956457819	1.946929637	2.067279968	1.917110454	
Avg % dev	34.60584156	34.47014107	17.08630648	17.07829654	2.815872651	3.602695253	2.965991558	3.846478595	2.021062173	2.303707807	2.016441865	2.260751608	2.063339148	1.995886448	