3390494
8607191
6823998
17201161
2179239
5714912
11817331
29761329
2780189
7524450
4159195
11077273
4348236
11442051
3111280
8020060
1406762
3703788
1496990
3846266
307889
796018
6210781
16490415
3431712
9025739
3050161
8115881
246968
642658
521599
1358556
11433872
30441262
9333671
24406801
5597017
14742017
5954586
15477808
4928579
13023191
416905
1072740
915224
2329521
9023249
23581171
9232263
24288145
39867656
101928444
1471961
3931395
1677537
4346980
803240
2027235
1102351
2781828
1552959
3990976
1992070
5157106
2289935
6120778
3936176
10800179
914344
2301150
1174171
2965452
1849858
4776037
1975258
5072893
2684657
7163734
