3419060
8695911
7116303
17437911
2212119
5784346
11936955
30500814
2824108
7623629
4259868
11246083
4459764
11751489
3187265
8225225
1433021
3774817
1514993
3926619
311760
807724
6357867
16780305
3511088
9087435
3077304
8253745
248920
653157
540462
1395804
11590407
31210160
9434392
25041550
5738585
14899122
6029183
15716652
5037388
13302080
426305
1082827
929342
2376681
9226556
23983218
9344694
24512916
40527132
103898406
1513972
3999380
1712107
4424908
825536
2055668
1133421
2835630
1589455
4072095
2062717
5283428
2330322
6215871
4023623
10936447
937027
2331852
1195992
2999686
1895325
4841250
2032630
5156405
2746807
7331613
