3431531
8753894
7016717
17455033
2223030
5811956
12029108
30315734
2829430
7596054
4255714
11262894
4413988
11603474
3184855
8239265
1441646
3762182
1504730
3906930
312709
806125
6365257
16852056
3469910
9146112
3091448
8260731
250147
651572
539958
1397345
11584592
30952280
9481727
24909502
5722263
14922758
6040680
15668199
5021685
13261162
425493
1087359
935842
2368384
9206044
23919050
9504936
24535938
40664575
104337379
1518005
4036258
1708706
4400504
822898
2063239
1130296
2856559
1587808
4067847
2060991
5253562
2308001
6218639
4068537
10996097
943504
2336229
1193581
2999376
1889917
4845527
2020973
5202712
2739782
7305792
