3422308
8661395
7044246
17438981
2212618
5748063
11989949
30318649
2815434
7565869
4224250
11282792
4432284
11614266
3173655
8146530
1434708
3782677
1518942
3886358
315761
803197
6298106
16880766
3449880
9105394
3094701
8196647
249865
651004
539303
1388620
11597668
30985808
9420264
24902582
5651154
14903631
6019988
15576665
5053851
13235429
424035
1081829
923600
2379500
9178343
23934297
9431092
24461041
40530365
103649949
1505459
3981840
1703052
4413313
821525
2054279
1138679
2832070
1589283
4059584
2058584
5248847
2322902
6131092
4057011
10883000
938112
2348064
1185238
2981062
1886229
4826698
2021961
5194255
2725285
7247989
