3370646
8589659
6937823
17120472
2206582
5743334
11788049
29877673
2769345
7529820
4231238
11086653
4350861
11549906
3127495
8109395
1408677
3714911
1490221
3858154
309362
790131
6155506
16567664
3436373
8968092
3053624
8104673
247080
642843
531415
1373112
11418554
30474224
9287815
24549727
5581792
14630692
5913842
15410487
4932812
13023711
419713
1074060
910062
2348357
9024253
23637725
9232902
24259091
40126202
102647081
1483168
3925608
1663955
4378591
810031
2028934
1105327
2788200
1571950
4004644
2030649
5192693
2288613
6130215
3982943
10805211
916284
2305115
1171784
2956496
1870800
4753431
1994607
5111533
2710114
7176154
