3426444
8656866
6993124
17420679
2207033
5755968
12081880
30112336
2820215
7544910
4247598
11228075
4427867
11609572
3167600
8204410
1428840
3760870
1503917
3870911
311957
806475
6350136
16845455
3470305
9143509
3085856
8244539
249784
654014
537031
1391217
11512733
30974904
9486371
24923123
5686328
14907181
6053715
15736486
5012967
13318332
421948
1090184
921403
2384953
9180435
23838915
9422568
24483065
40786659
104077710
1509805
4027267
1696529
4389903
820974
2053188
1128121
2837045
1589149
4037263
2057153
5254980
2305812
6228029
4024242
10996057
939999
2322494
1191670
2980782
1892893
4829854
2015860
5202894
2755797
7306502
