2786657
7338353
6077131
14806974
1935299
5032673
9917729
25719647
2375701
6542171
3505706
9631344
3677376
9911575
2585170
6960005
1170919
3257523
1252486
3326323
254280
680402
5325478
14518427
2964403
7946678
2592771
7007792
216735
552918
444349
1186522
9432361
26091834
7884701
21304756
4866760
12900586
5090895
13469473
4199219
11397298
350524
899723
755832
2011323
7810579
20273075
7925523
21038902
33480593
89058614
1232093
3462392
1391401
3798975
697468
1769667
956975
2460020
1358203
3486859
1742539
4521109
2022327
5288322
3502301
9432362
802699
2000009
1008396
2582642
1612635
4135197
1726434
4424654
2361394
6276604
