3409495
8734809
7037060
17440889
2208143
5781765
11972248
30377588
2844364
7607025
4253640
11308755
4434448
11700277
3158065
8284120
1430961
3761250
1516282
3895377
311976
805208
6352170
16889083
3460336
9180740
3098902
8234022
249587
652869
538716
1398520
11490270
31068750
9403049
24766030
5725499
14941713
6082415
15784245
5029249
13356888
424978
1092070
925687
2395503
9213287
23869856
9450183
24626842
40303354
104638234
1518465
4004161
1700741
4458843
824267
2052197
1137841
2860022
1591811
4053124
2071245
5219360
2338497
6225103
4058852
11014874
945857
2347515
1196119
2997969
1899565
4851997
2009699
5194932
2740384
7308724
