3420622
8733894
7039834
17484069
2218218
5784077
11996920
30312371
2841290
7576630
4242170
11196141
4431958
11581170
3138065
8221740
1441714
3771161
1525853
3900332
312944
805620
6326052
16937447
3474470
9136292
3103972
8298599
250490
648467
537261
1400855
11525073
30839952
9445450
24816613
5717526
14929022
6025574
15735138
5033936
13255959
428154
1092300
921266
2384790
9223198
23952518
9421969
24635388
40496465
104552011
1511823
4017927
1709861
4421895
820953
2050489
1129647
2835798
1592233
4058504
2057072
5257866
2335992
6233647
4063343
10987412
930689
2342365
1198582
2994446
1905311
4841814
2017057
5181358
2765161
7297534
