3482828
8893533
7174325
17814072
2246534
5910096
12287707
30958609
2875732
7742444
4327538
11500448
4510445
11900315
3239550
8411910
1462697
3841167
1543733
3993006
318960
825608
6453836
17273996
3559347
9351696
3159326
8409567
253396
666254
550733
1429362
11855957
31815927
9647229
25403045
5825147
15207063
6174178
16040574
5150097
13586135
436862
1113128
948913
2444390
9396044
24430250
9642140
25017059
41570193
106873878
1541596
4093849
1743094
4524942
837945
2098726
1155392
2906657
1626921
4142745
2107619
5370404
2372926
6324858
4135907
11149706
958192
2387349
1219295
3060323
1940755
4948414
2056347
5289658
2823758
7451579
