2786711
7337320
6075834
14807199
1934185
5032895
9915444
25718967
2371937
6540270
3507155
9628765
3677434
9911132
2585050
6959720
1171043
3256840
1252527
3325423
254275
680399
5326421
14519074
2965298
7951098
2591648
7009245
216735
552918
444364
1186552
9432628
26088649
7886107
21299721
4867683
12899021
5093969
13472808
4197416
11396195
350517
899746
755586
2011095
7814438
20274503
7931194
21036170
33438338
89060471
1232216
3461841
1391317
3799507
697347
1769814
956303
2459921
1357563
3484931
1743166
4516128
2022924
5286358
3500512
9432888
802129
2000534
1008879
2581855
1613234
4134423
1724489
4425681
2360333
6274987
