3397099
8707547
7002130
17401607
2200985
5761454
11881492
30351180
2800349
7551833
4215338
11173048
4398699
11567513
3173245
8156485
1420614
3749417
1489560
3867492
309357
804222
6288862
16760124
3451744
9075505
3060658
8149745
250051
652205
535610
1390315
11426358
30982032
9387680
24607212
5632012
14702964
5968613
15546031
4944910
13162843
422865
1087354
917529
2377866
9119373
23768286
9389095
24450066
40263882
103832819
1500214
3975634
1682018
4394870
815329
2047572
1107920
2844339
1582163
4042712
2029367
5213404
2311390
6158030
4016039
10899326
930682
2327153
1181271
2973581
1866879
4802217
1988965
5163072
2732312
7249588
