3396966
8656487
6950529
17410354
2206460
5760396
11855529
30044638
2791692
7610892
4197528
11207951
4379297
11532169
3132950
8186740
1414828
3741020
1500765
3877756
310390
798491
6209647
16784596
3448673
9040866
3053972
8149389
247323
646571
531447
1396236
11461909
30867930
9388651
24700764
5617018
14775815
5984951
15612502
4930616
13089573
419576
1086866
923110
2373780
9135770
23686685
9316603
24439236
40227410
104124726
1495097
3949293
1674839
4370250
812533
2040803
1119756
2822473
1579070
4018158
2041843
5182390
2286188
6169599
4008340
10890477
927425
2309958
1191130
2966777
1880077
4791704
1999757
5151351
2739065
7266706
