2116936
5665677
4807943
11849453
1494457
2974767
7759919
20495488
1836079
4871705
2730307
8105175
2647243
7592894
2197385
5591855
945637
2685286
1020804
2812452
202344
551318
4336920
11094873
2398550
6318920
2144084
5797863
128369
396207
346166
955134
7609678
21165097
6107362
16847159
3608272
10690780
4258714
11066730
3248829
9434609
271234
670421
594016
1663338
6315715
16804434
6140219
17673167
26969136
74221068
1004913
2834368
1081998
2980519
575431
1447913
713691
2003441
1052978
2791042
1340279
3678745
1604879
4242752
2503278
7461125
632879
1646792
803090
2184686
1251464
3371919
1311015
3469693
1804294
5195365
