2110005
5668583
4809500
11908894
1494458
2961478
7763504
20410636
1827538
4880794
2726108
8062091
2651712
7552108
2190795
5591620
944878
2676664
1017299
2807380
201789
551214
4321260
10983195
2385962
6291686
2143139
5792510
128191
395635
342935
952838
7600701
21060290
6051685
16816083
3608392
10647818
4283429
11072864
3241715
9423977
271234
670363
593115
1650484
6301767
16783671
6114949
17653655
26841183
73890813
995065
2828312
1081423
2977188
575639
1447533
713317
1999304
1057721
2782763
1325388
3659951
1597567
4243100
2511906
7458982
624466
1645440
806469
2181605
1250215
3360563
1302211
3469771
1829418
5184394
